50 20 10 5 15 25 60 70 65 80
50 20 10 5 15 60 25 70 65 80
50 20 10 5 15 60 70 25 65 80
50 20 10 5 15 60 70 65 25 80
50 20 10 5 15 60 70 65 80 25
50 20 10 5 60 15 25 70 65 80
50 20 10 5 60 15 70 25 65 80
50 20 10 5 60 15 70 65 25 80
50 20 10 5 60 15 70 65 80 25
50 20 10 5 60 70 15 25 65 80
50 20 10 5 60 70 15 65 25 80
50 20 10 5 60 70 15 65 80 25
50 20 10 5 60 70 65 15 25 80
50 20 10 5 60 70 65 15 80 25
50 20 10 5 60 70 65 80 15 25
50 20 10 60 5 15 25 70 65 80
50 20 10 60 5 15 70 25 65 80
50 20 10 60 5 15 70 65 25 80
50 20 10 60 5 15 70 65 80 25
50 20 10 60 5 70 15 25 65 80
50 20 10 60 5 70 15 65 25 80
50 20 10 60 5 70 15 65 80 25
50 20 10 60 5 70 65 15 25 80
50 20 10 60 5 70 65 15 80 25
50 20 10 60 5 70 65 80 15 25
50 20 10 60 70 5 15 25 65 80
50 20 10 60 70 5 15 65 25 80
50 20 10 60 70 5 15 65 80 25
50 20 10 60 70 5 65 15 25 80
50 20 10 60 70 5 65 15 80 25
50 20 10 60 70 5 65 80 15 25
50 20 10 60 70 65 5 15 25 80
50 20 10 60 70 65 5 15 80 25
50 20 10 60 70 65 5 80 15 25
50 20 10 60 70 65 80 5 15 25
50 20 60 10 5 15 25 70 65 80
50 20 60 10 5 15 70 25 65 80
50 20 60 10 5 15 70 65 25 80
50 20 60 10 5 15 70 65 80 25
50 20 60 10 5 70 15 25 65 80
50 20 60 10 5 70 15 65 25 80
50 20 60 10 5 70 15 65 80 25
50 20 60 10 5 70 65 15 25 80
50 20 60 10 5 70 65 15 80 25
50 20 60 10 5 70 65 80 15 25
50 20 60 10 70 5 15 25 65 80
50 20 60 10 70 5 15 65 25 80
50 20 60 10 70 5 15 65 80 25
50 20 60 10 70 5 65 15 25 80
50 20 60 10 70 5 65 15 80 25
50 20 60 10 70 5 65 80 15 25
50 20 60 10 70 65 5 15 25 80
50 20 60 10 70 65 5 15 80 25
50 20 60 10 70 65 5 80 15 25
50 20 60 10 70 65 80 5 15 25
50 20 60 70 10 5 15 25 65 80
50 20 60 70 10 5 15 65 25 80
50 20 60 70 10 5 15 65 80 25
50 20 60 70 10 5 65 15 25 80
50 20 60 70 10 5 65 15 80 25
50 20 60 70 10 5 65 80 15 25
50 20 60 70 10 65 5 15 25 80
50 20 60 70 10 65 5 15 80 25
50 20 60 70 10 65 5 80 15 25
50 20 60 70 10 65 80 5 15 25
50 20 60 70 65 10 5 15 25 80
50 20 60 70 65 10 5 15 80 25
50 20 60 70 65 10 5 80 15 25
50 20 60 70 65 10 80 5 15 25
50 20 60 70 65 80 10 5 15 25
50 60 20 10 5 15 25 70 65 80
50 60 20 10 5 15 70 25 65 80
50 60 20 10 5 15 70 65 25 80
50 60 20 10 5 15 70 65 80 25
50 60 20 10 5 70 15 25 65 80
50 60 20 10 5 70 15 65 25 80
50 60 20 10 5 70 15 65 80 25
50 60 20 10 5 70 65 15 25 80
50 60 20 10 5 70 65 15 80 25
50 60 20 10 5 70 65 80 15 25
50 60 20 10 70 5 15 25 65 80
50 60 20 10 70 5 15 65 25 80
50 60 20 10 70 5 15 65 80 25
50 60 20 10 70 5 65 15 25 80
50 60 20 10 70 5 65 15 80 25
50 60 20 10 70 5 65 80 15 25
50 60 20 10 70 65 5 15 25 80
50 60 20 10 70 65 5 15 80 25
50 60 20 10 70 65 5 80 15 25
50 60 20 10 70 65 80 5 15 25
50 60 20 70 10 5 15 25 65 80
50 60 20 70 10 5 15 65 25 80
50 60 20 70 10 5 15 65 80 25
50 60 20 70 10 5 65 15 25 80
50 60 20 70 10 5 65 15 80 25
50 60 20 70 10 5 65 80 15 25
50 60 20 70 10 65 5 15 25 80
50 60 20 70 10 65 5 15 80 25
50 60 20 70 10 65 5 80 15 25
50 60 20 70 10 65 80 5 15 25
50 60 20 70 65 10 5 15 25 80
50 60 20 70 65 10 5 15 80 25
50 60 20 70 65 10 5 80 15 25
50 60 20 70 65 10 80 5 15 25
50 60 20 70 65 80 10 5 15 25
50 60 70 20 10 5 15 25 65 80
50 60 70 20 10 5 15 65 25 80
50 60 70 20 10 5 15 65 80 25
50 60 70 20 10 5 65 15 25 80
50 60 70 20 10 5 65 15 80 25
50 60 70 20 10 5 65 80 15 25
50 60 70 20 10 65 5 15 25 80
50 60 70 20 10 65 5 15 80 25
50 60 70 20 10 65 5 80 15 25
50 60 70 20 10 65 80 5 15 25
50 60 70 20 65 10 5 15 25 80
50 60 70 20 65 10 5 15 80 25
50 60 70 20 65 10 5 80 15 25
50 60 70 20 65 10 80 5 15 25
50 60 70 20 65 80 10 5 15 25
50 60 70 65 20 10 5 15 25 80
50 60 70 65 20 10 5 15 80 25
50 60 70 65 20 10 5 80 15 25
50 60 70 65 20 10 80 5 15 25
50 60 70 65 20 80 10 5 15 25
50 60 70 65 80 20 10 5 15 25
50 20 10 5 15 25 60 70 80 65
50 20 10 5 15 60 25 70 80 65
50 20 10 5 15 60 70 25 80 65
50 20 10 5 15 60 70 80 25 65
50 20 10 5 15 60 70 80 65 25
50 20 10 5 60 15 25 70 80 65
50 20 10 5 60 15 70 25 80 65
50 20 10 5 60 15 70 80 25 65
50 20 10 5 60 15 70 80 65 25
50 20 10 5 60 70 15 25 80 65
50 20 10 5 60 70 15 80 25 65
50 20 10 5 60 70 15 80 65 25
50 20 10 5 60 70 80 15 25 65
50 20 10 5 60 70 80 15 65 25
50 20 10 5 60 70 80 65 15 25
50 20 10 60 5 15 25 70 80 65
50 20 10 60 5 15 70 25 80 65
50 20 10 60 5 15 70 80 25 65
50 20 10 60 5 15 70 80 65 25
50 20 10 60 5 70 15 25 80 65
50 20 10 60 5 70 15 80 25 65
50 20 10 60 5 70 15 80 65 25
50 20 10 60 5 70 80 15 25 65
50 20 10 60 5 70 80 15 65 25
50 20 10 60 5 70 80 65 15 25
50 20 10 60 70 5 15 25 80 65
50 20 10 60 70 5 15 80 25 65
50 20 10 60 70 5 15 80 65 25
50 20 10 60 70 5 80 15 25 65
50 20 10 60 70 5 80 15 65 25
50 20 10 60 70 5 80 65 15 25
50 20 10 60 70 80 5 15 25 65
50 20 10 60 70 80 5 15 65 25
50 20 10 60 70 80 5 65 15 25
50 20 10 60 70 80 65 5 15 25
50 20 60 10 5 15 25 70 80 65
50 20 60 10 5 15 70 25 80 65
50 20 60 10 5 15 70 80 25 65
50 20 60 10 5 15 70 80 65 25
50 20 60 10 5 70 15 25 80 65
50 20 60 10 5 70 15 80 25 65
50 20 60 10 5 70 15 80 65 25
50 20 60 10 5 70 80 15 25 65
50 20 60 10 5 70 80 15 65 25
50 20 60 10 5 70 80 65 15 25
50 20 60 10 70 5 15 25 80 65
50 20 60 10 70 5 15 80 25 65
50 20 60 10 70 5 15 80 65 25
50 20 60 10 70 5 80 15 25 65
50 20 60 10 70 5 80 15 65 25
50 20 60 10 70 5 80 65 15 25
50 20 60 10 70 80 5 15 25 65
50 20 60 10 70 80 5 15 65 25
50 20 60 10 70 80 5 65 15 25
50 20 60 10 70 80 65 5 15 25
50 20 60 70 10 5 15 25 80 65
50 20 60 70 10 5 15 80 25 65
50 20 60 70 10 5 15 80 65 25
50 20 60 70 10 5 80 15 25 65
50 20 60 70 10 5 80 15 65 25
50 20 60 70 10 5 80 65 15 25
50 20 60 70 10 80 5 15 25 65
50 20 60 70 10 80 5 15 65 25
50 20 60 70 10 80 5 65 15 25
50 20 60 70 10 80 65 5 15 25
50 20 60 70 80 10 5 15 25 65
50 20 60 70 80 10 5 15 65 25
50 20 60 70 80 10 5 65 15 25
50 20 60 70 80 10 65 5 15 25
50 20 60 70 80 65 10 5 15 25
50 60 20 10 5 15 25 70 80 65
50 60 20 10 5 15 70 25 80 65
50 60 20 10 5 15 70 80 25 65
50 60 20 10 5 15 70 80 65 25
50 60 20 10 5 70 15 25 80 65
50 60 20 10 5 70 15 80 25 65
50 60 20 10 5 70 15 80 65 25
50 60 20 10 5 70 80 15 25 65
50 60 20 10 5 70 80 15 65 25
50 60 20 10 5 70 80 65 15 25
50 60 20 10 70 5 15 25 80 65
50 60 20 10 70 5 15 80 25 65
50 60 20 10 70 5 15 80 65 25
50 60 20 10 70 5 80 15 25 65
50 60 20 10 70 5 80 15 65 25
50 60 20 10 70 5 80 65 15 25
50 60 20 10 70 80 5 15 25 65
50 60 20 10 70 80 5 15 65 25
50 60 20 10 70 80 5 65 15 25
50 60 20 10 70 80 65 5 15 25
50 60 20 70 10 5 15 25 80 65
50 60 20 70 10 5 15 80 25 65
50 60 20 70 10 5 15 80 65 25
50 60 20 70 10 5 80 15 25 65
50 60 20 70 10 5 80 15 65 25
50 60 20 70 10 5 80 65 15 25
50 60 20 70 10 80 5 15 25 65
50 60 20 70 10 80 5 15 65 25
50 60 20 70 10 80 5 65 15 25
50 60 20 70 10 80 65 5 15 25
50 60 20 70 80 10 5 15 25 65
50 60 20 70 80 10 5 15 65 25
50 60 20 70 80 10 5 65 15 25
50 60 20 70 80 10 65 5 15 25
50 60 20 70 80 65 10 5 15 25
50 60 70 20 10 5 15 25 80 65
50 60 70 20 10 5 15 80 25 65
50 60 70 20 10 5 15 80 65 25
50 60 70 20 10 5 80 15 25 65
50 60 70 20 10 5 80 15 65 25
50 60 70 20 10 5 80 65 15 25
50 60 70 20 10 80 5 15 25 65
50 60 70 20 10 80 5 15 65 25
50 60 70 20 10 80 5 65 15 25
50 60 70 20 10 80 65 5 15 25
50 60 70 20 80 10 5 15 25 65
50 60 70 20 80 10 5 15 65 25
50 60 70 20 80 10 5 65 15 25
50 60 70 20 80 10 65 5 15 25
50 60 70 20 80 65 10 5 15 25
50 60 70 80 20 10 5 15 25 65
50 60 70 80 20 10 5 15 65 25
50 60 70 80 20 10 5 65 15 25
50 60 70 80 20 10 65 5 15 25
50 60 70 80 20 65 10 5 15 25
50 60 70 80 65 20 10 5 15 25
50 20 10 5 25 15 60 70 65 80
50 20 10 5 25 60 15 70 65 80
50 20 10 5 25 60 70 15 65 80
50 20 10 5 25 60 70 65 15 80
50 20 10 5 25 60 70 65 80 15
50 20 10 5 60 25 15 70 65 80
50 20 10 5 60 25 70 15 65 80
50 20 10 5 60 25 70 65 15 80
50 20 10 5 60 25 70 65 80 15
50 20 10 5 60 70 25 15 65 80
50 20 10 5 60 70 25 65 15 80
50 20 10 5 60 70 25 65 80 15
50 20 10 5 60 70 65 25 15 80
50 20 10 5 60 70 65 25 80 15
50 20 10 5 60 70 65 80 25 15
50 20 10 60 5 25 15 70 65 80
50 20 10 60 5 25 70 15 65 80
50 20 10 60 5 25 70 65 15 80
50 20 10 60 5 25 70 65 80 15
50 20 10 60 5 70 25 15 65 80
50 20 10 60 5 70 25 65 15 80
50 20 10 60 5 70 25 65 80 15
50 20 10 60 5 70 65 25 15 80
50 20 10 60 5 70 65 25 80 15
50 20 10 60 5 70 65 80 25 15
50 20 10 60 70 5 25 15 65 80
50 20 10 60 70 5 25 65 15 80
50 20 10 60 70 5 25 65 80 15
50 20 10 60 70 5 65 25 15 80
50 20 10 60 70 5 65 25 80 15
50 20 10 60 70 5 65 80 25 15
50 20 10 60 70 65 5 25 15 80
50 20 10 60 70 65 5 25 80 15
50 20 10 60 70 65 5 80 25 15
50 20 10 60 70 65 80 5 25 15
50 20 60 10 5 25 15 70 65 80
50 20 60 10 5 25 70 15 65 80
50 20 60 10 5 25 70 65 15 80
50 20 60 10 5 25 70 65 80 15
50 20 60 10 5 70 25 15 65 80
50 20 60 10 5 70 25 65 15 80
50 20 60 10 5 70 25 65 80 15
50 20 60 10 5 70 65 25 15 80
50 20 60 10 5 70 65 25 80 15
50 20 60 10 5 70 65 80 25 15
50 20 60 10 70 5 25 15 65 80
50 20 60 10 70 5 25 65 15 80
50 20 60 10 70 5 25 65 80 15
50 20 60 10 70 5 65 25 15 80
50 20 60 10 70 5 65 25 80 15
50 20 60 10 70 5 65 80 25 15
50 20 60 10 70 65 5 25 15 80
50 20 60 10 70 65 5 25 80 15
50 20 60 10 70 65 5 80 25 15
50 20 60 10 70 65 80 5 25 15
50 20 60 70 10 5 25 15 65 80
50 20 60 70 10 5 25 65 15 80
50 20 60 70 10 5 25 65 80 15
50 20 60 70 10 5 65 25 15 80
50 20 60 70 10 5 65 25 80 15
50 20 60 70 10 5 65 80 25 15
50 20 60 70 10 65 5 25 15 80
50 20 60 70 10 65 5 25 80 15
50 20 60 70 10 65 5 80 25 15
50 20 60 70 10 65 80 5 25 15
50 20 60 70 65 10 5 25 15 80
50 20 60 70 65 10 5 25 80 15
50 20 60 70 65 10 5 80 25 15
50 20 60 70 65 10 80 5 25 15
50 20 60 70 65 80 10 5 25 15
50 60 20 10 5 25 15 70 65 80
50 60 20 10 5 25 70 15 65 80
50 60 20 10 5 25 70 65 15 80
50 60 20 10 5 25 70 65 80 15
50 60 20 10 5 70 25 15 65 80
50 60 20 10 5 70 25 65 15 80
50 60 20 10 5 70 25 65 80 15
50 60 20 10 5 70 65 25 15 80
50 60 20 10 5 70 65 25 80 15
50 60 20 10 5 70 65 80 25 15
50 60 20 10 70 5 25 15 65 80
50 60 20 10 70 5 25 65 15 80
50 60 20 10 70 5 25 65 80 15
50 60 20 10 70 5 65 25 15 80
50 60 20 10 70 5 65 25 80 15
50 60 20 10 70 5 65 80 25 15
50 60 20 10 70 65 5 25 15 80
50 60 20 10 70 65 5 25 80 15
50 60 20 10 70 65 5 80 25 15
50 60 20 10 70 65 80 5 25 15
50 60 20 70 10 5 25 15 65 80
50 60 20 70 10 5 25 65 15 80
50 60 20 70 10 5 25 65 80 15
50 60 20 70 10 5 65 25 15 80
50 60 20 70 10 5 65 25 80 15
50 60 20 70 10 5 65 80 25 15
50 60 20 70 10 65 5 25 15 80
50 60 20 70 10 65 5 25 80 15
50 60 20 70 10 65 5 80 25 15
50 60 20 70 10 65 80 5 25 15
50 60 20 70 65 10 5 25 15 80
50 60 20 70 65 10 5 25 80 15
50 60 20 70 65 10 5 80 25 15
50 60 20 70 65 10 80 5 25 15
50 60 20 70 65 80 10 5 25 15
50 60 70 20 10 5 25 15 65 80
50 60 70 20 10 5 25 65 15 80
50 60 70 20 10 5 25 65 80 15
50 60 70 20 10 5 65 25 15 80
50 60 70 20 10 5 65 25 80 15
50 60 70 20 10 5 65 80 25 15
50 60 70 20 10 65 5 25 15 80
50 60 70 20 10 65 5 25 80 15
50 60 70 20 10 65 5 80 25 15
50 60 70 20 10 65 80 5 25 15
50 60 70 20 65 10 5 25 15 80
50 60 70 20 65 10 5 25 80 15
50 60 70 20 65 10 5 80 25 15
50 60 70 20 65 10 80 5 25 15
50 60 70 20 65 80 10 5 25 15
50 60 70 65 20 10 5 25 15 80
50 60 70 65 20 10 5 25 80 15
50 60 70 65 20 10 5 80 25 15
50 60 70 65 20 10 80 5 25 15
50 60 70 65 20 80 10 5 25 15
50 60 70 65 80 20 10 5 25 15
50 20 10 5 25 15 60 70 80 65
50 20 10 5 25 60 15 70 80 65
50 20 10 5 25 60 70 15 80 65
50 20 10 5 25 60 70 80 15 65
50 20 10 5 25 60 70 80 65 15
50 20 10 5 60 25 15 70 80 65
50 20 10 5 60 25 70 15 80 65
50 20 10 5 60 25 70 80 15 65
50 20 10 5 60 25 70 80 65 15
50 20 10 5 60 70 25 15 80 65
50 20 10 5 60 70 25 80 15 65
50 20 10 5 60 70 25 80 65 15
50 20 10 5 60 70 80 25 15 65
50 20 10 5 60 70 80 25 65 15
50 20 10 5 60 70 80 65 25 15
50 20 10 60 5 25 15 70 80 65
50 20 10 60 5 25 70 15 80 65
50 20 10 60 5 25 70 80 15 65
50 20 10 60 5 25 70 80 65 15
50 20 10 60 5 70 25 15 80 65
50 20 10 60 5 70 25 80 15 65
50 20 10 60 5 70 25 80 65 15
50 20 10 60 5 70 80 25 15 65
50 20 10 60 5 70 80 25 65 15
50 20 10 60 5 70 80 65 25 15
50 20 10 60 70 5 25 15 80 65
50 20 10 60 70 5 25 80 15 65
50 20 10 60 70 5 25 80 65 15
50 20 10 60 70 5 80 25 15 65
50 20 10 60 70 5 80 25 65 15
50 20 10 60 70 5 80 65 25 15
50 20 10 60 70 80 5 25 15 65
50 20 10 60 70 80 5 25 65 15
50 20 10 60 70 80 5 65 25 15
50 20 10 60 70 80 65 5 25 15
50 20 60 10 5 25 15 70 80 65
50 20 60 10 5 25 70 15 80 65
50 20 60 10 5 25 70 80 15 65
50 20 60 10 5 25 70 80 65 15
50 20 60 10 5 70 25 15 80 65
50 20 60 10 5 70 25 80 15 65
50 20 60 10 5 70 25 80 65 15
50 20 60 10 5 70 80 25 15 65
50 20 60 10 5 70 80 25 65 15
50 20 60 10 5 70 80 65 25 15
50 20 60 10 70 5 25 15 80 65
50 20 60 10 70 5 25 80 15 65
50 20 60 10 70 5 25 80 65 15
50 20 60 10 70 5 80 25 15 65
50 20 60 10 70 5 80 25 65 15
50 20 60 10 70 5 80 65 25 15
50 20 60 10 70 80 5 25 15 65
50 20 60 10 70 80 5 25 65 15
50 20 60 10 70 80 5 65 25 15
50 20 60 10 70 80 65 5 25 15
50 20 60 70 10 5 25 15 80 65
50 20 60 70 10 5 25 80 15 65
50 20 60 70 10 5 25 80 65 15
50 20 60 70 10 5 80 25 15 65
50 20 60 70 10 5 80 25 65 15
50 20 60 70 10 5 80 65 25 15
50 20 60 70 10 80 5 25 15 65
50 20 60 70 10 80 5 25 65 15
50 20 60 70 10 80 5 65 25 15
50 20 60 70 10 80 65 5 25 15
50 20 60 70 80 10 5 25 15 65
50 20 60 70 80 10 5 25 65 15
50 20 60 70 80 10 5 65 25 15
50 20 60 70 80 10 65 5 25 15
50 20 60 70 80 65 10 5 25 15
50 60 20 10 5 25 15 70 80 65
50 60 20 10 5 25 70 15 80 65
50 60 20 10 5 25 70 80 15 65
50 60 20 10 5 25 70 80 65 15
50 60 20 10 5 70 25 15 80 65
50 60 20 10 5 70 25 80 15 65
50 60 20 10 5 70 25 80 65 15
50 60 20 10 5 70 80 25 15 65
50 60 20 10 5 70 80 25 65 15
50 60 20 10 5 70 80 65 25 15
50 60 20 10 70 5 25 15 80 65
50 60 20 10 70 5 25 80 15 65
50 60 20 10 70 5 25 80 65 15
50 60 20 10 70 5 80 25 15 65
50 60 20 10 70 5 80 25 65 15
50 60 20 10 70 5 80 65 25 15
50 60 20 10 70 80 5 25 15 65
50 60 20 10 70 80 5 25 65 15
50 60 20 10 70 80 5 65 25 15
50 60 20 10 70 80 65 5 25 15
50 60 20 70 10 5 25 15 80 65
50 60 20 70 10 5 25 80 15 65
50 60 20 70 10 5 25 80 65 15
50 60 20 70 10 5 80 25 15 65
50 60 20 70 10 5 80 25 65 15
50 60 20 70 10 5 80 65 25 15
50 60 20 70 10 80 5 25 15 65
50 60 20 70 10 80 5 25 65 15
50 60 20 70 10 80 5 65 25 15
50 60 20 70 10 80 65 5 25 15
50 60 20 70 80 10 5 25 15 65
50 60 20 70 80 10 5 25 65 15
50 60 20 70 80 10 5 65 25 15
50 60 20 70 80 10 65 5 25 15
50 60 20 70 80 65 10 5 25 15
50 60 70 20 10 5 25 15 80 65
50 60 70 20 10 5 25 80 15 65
50 60 70 20 10 5 25 80 65 15
50 60 70 20 10 5 80 25 15 65
50 60 70 20 10 5 80 25 65 15
50 60 70 20 10 5 80 65 25 15
50 60 70 20 10 80 5 25 15 65
50 60 70 20 10 80 5 25 65 15
50 60 70 20 10 80 5 65 25 15
50 60 70 20 10 80 65 5 25 15
50 60 70 20 80 10 5 25 15 65
50 60 70 20 80 10 5 25 65 15
50 60 70 20 80 10 5 65 25 15
50 60 70 20 80 10 65 5 25 15
50 60 70 20 80 65 10 5 25 15
50 60 70 80 20 10 5 25 15 65
50 60 70 80 20 10 5 25 65 15
50 60 70 80 20 10 5 65 25 15
50 60 70 80 20 10 65 5 25 15
50 60 70 80 20 65 10 5 25 15
50 60 70 80 65 20 10 5 25 15
50 20 10 25 5 15 60 70 65 80
50 20 10 25 5 60 15 70 65 80
50 20 10 25 5 60 70 15 65 80
50 20 10 25 5 60 70 65 15 80
50 20 10 25 5 60 70 65 80 15
50 20 10 25 60 5 15 70 65 80
50 20 10 25 60 5 70 15 65 80
50 20 10 25 60 5 70 65 15 80
50 20 10 25 60 5 70 65 80 15
50 20 10 25 60 70 5 15 65 80
50 20 10 25 60 70 5 65 15 80
50 20 10 25 60 70 5 65 80 15
50 20 10 25 60 70 65 5 15 80
50 20 10 25 60 70 65 5 80 15
50 20 10 25 60 70 65 80 5 15
50 20 10 60 25 5 15 70 65 80
50 20 10 60 25 5 70 15 65 80
50 20 10 60 25 5 70 65 15 80
50 20 10 60 25 5 70 65 80 15
50 20 10 60 25 70 5 15 65 80
50 20 10 60 25 70 5 65 15 80
50 20 10 60 25 70 5 65 80 15
50 20 10 60 25 70 65 5 15 80
50 20 10 60 25 70 65 5 80 15
50 20 10 60 25 70 65 80 5 15
50 20 10 60 70 25 5 15 65 80
50 20 10 60 70 25 5 65 15 80
50 20 10 60 70 25 5 65 80 15
50 20 10 60 70 25 65 5 15 80
50 20 10 60 70 25 65 5 80 15
50 20 10 60 70 25 65 80 5 15
50 20 10 60 70 65 25 5 15 80
50 20 10 60 70 65 25 5 80 15
50 20 10 60 70 65 25 80 5 15
50 20 10 60 70 65 80 25 5 15
50 20 60 10 25 5 15 70 65 80
50 20 60 10 25 5 70 15 65 80
50 20 60 10 25 5 70 65 15 80
50 20 60 10 25 5 70 65 80 15
50 20 60 10 25 70 5 15 65 80
50 20 60 10 25 70 5 65 15 80
50 20 60 10 25 70 5 65 80 15
50 20 60 10 25 70 65 5 15 80
50 20 60 10 25 70 65 5 80 15
50 20 60 10 25 70 65 80 5 15
50 20 60 10 70 25 5 15 65 80
50 20 60 10 70 25 5 65 15 80
50 20 60 10 70 25 5 65 80 15
50 20 60 10 70 25 65 5 15 80
50 20 60 10 70 25 65 5 80 15
50 20 60 10 70 25 65 80 5 15
50 20 60 10 70 65 25 5 15 80
50 20 60 10 70 65 25 5 80 15
50 20 60 10 70 65 25 80 5 15
50 20 60 10 70 65 80 25 5 15
50 20 60 70 10 25 5 15 65 80
50 20 60 70 10 25 5 65 15 80
50 20 60 70 10 25 5 65 80 15
50 20 60 70 10 25 65 5 15 80
50 20 60 70 10 25 65 5 80 15
50 20 60 70 10 25 65 80 5 15
50 20 60 70 10 65 25 5 15 80
50 20 60 70 10 65 25 5 80 15
50 20 60 70 10 65 25 80 5 15
50 20 60 70 10 65 80 25 5 15
50 20 60 70 65 10 25 5 15 80
50 20 60 70 65 10 25 5 80 15
50 20 60 70 65 10 25 80 5 15
50 20 60 70 65 10 80 25 5 15
50 20 60 70 65 80 10 25 5 15
50 60 20 10 25 5 15 70 65 80
50 60 20 10 25 5 70 15 65 80
50 60 20 10 25 5 70 65 15 80
50 60 20 10 25 5 70 65 80 15
50 60 20 10 25 70 5 15 65 80
50 60 20 10 25 70 5 65 15 80
50 60 20 10 25 70 5 65 80 15
50 60 20 10 25 70 65 5 15 80
50 60 20 10 25 70 65 5 80 15
50 60 20 10 25 70 65 80 5 15
50 60 20 10 70 25 5 15 65 80
50 60 20 10 70 25 5 65 15 80
50 60 20 10 70 25 5 65 80 15
50 60 20 10 70 25 65 5 15 80
50 60 20 10 70 25 65 5 80 15
50 60 20 10 70 25 65 80 5 15
50 60 20 10 70 65 25 5 15 80
50 60 20 10 70 65 25 5 80 15
50 60 20 10 70 65 25 80 5 15
50 60 20 10 70 65 80 25 5 15
50 60 20 70 10 25 5 15 65 80
50 60 20 70 10 25 5 65 15 80
50 60 20 70 10 25 5 65 80 15
50 60 20 70 10 25 65 5 15 80
50 60 20 70 10 25 65 5 80 15
50 60 20 70 10 25 65 80 5 15
50 60 20 70 10 65 25 5 15 80
50 60 20 70 10 65 25 5 80 15
50 60 20 70 10 65 25 80 5 15
50 60 20 70 10 65 80 25 5 15
50 60 20 70 65 10 25 5 15 80
50 60 20 70 65 10 25 5 80 15
50 60 20 70 65 10 25 80 5 15
50 60 20 70 65 10 80 25 5 15
50 60 20 70 65 80 10 25 5 15
50 60 70 20 10 25 5 15 65 80
50 60 70 20 10 25 5 65 15 80
50 60 70 20 10 25 5 65 80 15
50 60 70 20 10 25 65 5 15 80
50 60 70 20 10 25 65 5 80 15
50 60 70 20 10 25 65 80 5 15
50 60 70 20 10 65 25 5 15 80
50 60 70 20 10 65 25 5 80 15
50 60 70 20 10 65 25 80 5 15
50 60 70 20 10 65 80 25 5 15
50 60 70 20 65 10 25 5 15 80
50 60 70 20 65 10 25 5 80 15
50 60 70 20 65 10 25 80 5 15
50 60 70 20 65 10 80 25 5 15
50 60 70 20 65 80 10 25 5 15
50 60 70 65 20 10 25 5 15 80
50 60 70 65 20 10 25 5 80 15
50 60 70 65 20 10 25 80 5 15
50 60 70 65 20 10 80 25 5 15
50 60 70 65 20 80 10 25 5 15
50 60 70 65 80 20 10 25 5 15
50 20 10 25 5 15 60 70 80 65
50 20 10 25 5 60 15 70 80 65
50 20 10 25 5 60 70 15 80 65
50 20 10 25 5 60 70 80 15 65
50 20 10 25 5 60 70 80 65 15
50 20 10 25 60 5 15 70 80 65
50 20 10 25 60 5 70 15 80 65
50 20 10 25 60 5 70 80 15 65
50 20 10 25 60 5 70 80 65 15
50 20 10 25 60 70 5 15 80 65
50 20 10 25 60 70 5 80 15 65
50 20 10 25 60 70 5 80 65 15
50 20 10 25 60 70 80 5 15 65
50 20 10 25 60 70 80 5 65 15
50 20 10 25 60 70 80 65 5 15
50 20 10 60 25 5 15 70 80 65
50 20 10 60 25 5 70 15 80 65
50 20 10 60 25 5 70 80 15 65
50 20 10 60 25 5 70 80 65 15
50 20 10 60 25 70 5 15 80 65
50 20 10 60 25 70 5 80 15 65
50 20 10 60 25 70 5 80 65 15
50 20 10 60 25 70 80 5 15 65
50 20 10 60 25 70 80 5 65 15
50 20 10 60 25 70 80 65 5 15
50 20 10 60 70 25 5 15 80 65
50 20 10 60 70 25 5 80 15 65
50 20 10 60 70 25 5 80 65 15
50 20 10 60 70 25 80 5 15 65
50 20 10 60 70 25 80 5 65 15
50 20 10 60 70 25 80 65 5 15
50 20 10 60 70 80 25 5 15 65
50 20 10 60 70 80 25 5 65 15
50 20 10 60 70 80 25 65 5 15
50 20 10 60 70 80 65 25 5 15
50 20 60 10 25 5 15 70 80 65
50 20 60 10 25 5 70 15 80 65
50 20 60 10 25 5 70 80 15 65
50 20 60 10 25 5 70 80 65 15
50 20 60 10 25 70 5 15 80 65
50 20 60 10 25 70 5 80 15 65
50 20 60 10 25 70 5 80 65 15
50 20 60 10 25 70 80 5 15 65
50 20 60 10 25 70 80 5 65 15
50 20 60 10 25 70 80 65 5 15
50 20 60 10 70 25 5 15 80 65
50 20 60 10 70 25 5 80 15 65
50 20 60 10 70 25 5 80 65 15
50 20 60 10 70 25 80 5 15 65
50 20 60 10 70 25 80 5 65 15
50 20 60 10 70 25 80 65 5 15
50 20 60 10 70 80 25 5 15 65
50 20 60 10 70 80 25 5 65 15
50 20 60 10 70 80 25 65 5 15
50 20 60 10 70 80 65 25 5 15
50 20 60 70 10 25 5 15 80 65
50 20 60 70 10 25 5 80 15 65
50 20 60 70 10 25 5 80 65 15
50 20 60 70 10 25 80 5 15 65
50 20 60 70 10 25 80 5 65 15
50 20 60 70 10 25 80 65 5 15
50 20 60 70 10 80 25 5 15 65
50 20 60 70 10 80 25 5 65 15
50 20 60 70 10 80 25 65 5 15
50 20 60 70 10 80 65 25 5 15
50 20 60 70 80 10 25 5 15 65
50 20 60 70 80 10 25 5 65 15
50 20 60 70 80 10 25 65 5 15
50 20 60 70 80 10 65 25 5 15
50 20 60 70 80 65 10 25 5 15
50 60 20 10 25 5 15 70 80 65
50 60 20 10 25 5 70 15 80 65
50 60 20 10 25 5 70 80 15 65
50 60 20 10 25 5 70 80 65 15
50 60 20 10 25 70 5 15 80 65
50 60 20 10 25 70 5 80 15 65
50 60 20 10 25 70 5 80 65 15
50 60 20 10 25 70 80 5 15 65
50 60 20 10 25 70 80 5 65 15
50 60 20 10 25 70 80 65 5 15
50 60 20 10 70 25 5 15 80 65
50 60 20 10 70 25 5 80 15 65
50 60 20 10 70 25 5 80 65 15
50 60 20 10 70 25 80 5 15 65
50 60 20 10 70 25 80 5 65 15
50 60 20 10 70 25 80 65 5 15
50 60 20 10 70 80 25 5 15 65
50 60 20 10 70 80 25 5 65 15
50 60 20 10 70 80 25 65 5 15
50 60 20 10 70 80 65 25 5 15
50 60 20 70 10 25 5 15 80 65
50 60 20 70 10 25 5 80 15 65
50 60 20 70 10 25 5 80 65 15
50 60 20 70 10 25 80 5 15 65
50 60 20 70 10 25 80 5 65 15
50 60 20 70 10 25 80 65 5 15
50 60 20 70 10 80 25 5 15 65
50 60 20 70 10 80 25 5 65 15
50 60 20 70 10 80 25 65 5 15
50 60 20 70 10 80 65 25 5 15
50 60 20 70 80 10 25 5 15 65
50 60 20 70 80 10 25 5 65 15
50 60 20 70 80 10 25 65 5 15
50 60 20 70 80 10 65 25 5 15
50 60 20 70 80 65 10 25 5 15
50 60 70 20 10 25 5 15 80 65
50 60 70 20 10 25 5 80 15 65
50 60 70 20 10 25 5 80 65 15
50 60 70 20 10 25 80 5 15 65
50 60 70 20 10 25 80 5 65 15
50 60 70 20 10 25 80 65 5 15
50 60 70 20 10 80 25 5 15 65
50 60 70 20 10 80 25 5 65 15
50 60 70 20 10 80 25 65 5 15
50 60 70 20 10 80 65 25 5 15
50 60 70 20 80 10 25 5 15 65
50 60 70 20 80 10 25 5 65 15
50 60 70 20 80 10 25 65 5 15
50 60 70 20 80 10 65 25 5 15
50 60 70 20 80 65 10 25 5 15
50 60 70 80 20 10 25 5 15 65
50 60 70 80 20 10 25 5 65 15
50 60 70 80 20 10 25 65 5 15
50 60 70 80 20 10 65 25 5 15
50 60 70 80 20 65 10 25 5 15
50 60 70 80 65 20 10 25 5 15
50 20 25 10 5 15 60 70 65 80
50 20 25 10 5 60 15 70 65 80
50 20 25 10 5 60 70 15 65 80
50 20 25 10 5 60 70 65 15 80
50 20 25 10 5 60 70 65 80 15
50 20 25 10 60 5 15 70 65 80
50 20 25 10 60 5 70 15 65 80
50 20 25 10 60 5 70 65 15 80
50 20 25 10 60 5 70 65 80 15
50 20 25 10 60 70 5 15 65 80
50 20 25 10 60 70 5 65 15 80
50 20 25 10 60 70 5 65 80 15
50 20 25 10 60 70 65 5 15 80
50 20 25 10 60 70 65 5 80 15
50 20 25 10 60 70 65 80 5 15
50 20 25 60 10 5 15 70 65 80
50 20 25 60 10 5 70 15 65 80
50 20 25 60 10 5 70 65 15 80
50 20 25 60 10 5 70 65 80 15
50 20 25 60 10 70 5 15 65 80
50 20 25 60 10 70 5 65 15 80
50 20 25 60 10 70 5 65 80 15
50 20 25 60 10 70 65 5 15 80
50 20 25 60 10 70 65 5 80 15
50 20 25 60 10 70 65 80 5 15
50 20 25 60 70 10 5 15 65 80
50 20 25 60 70 10 5 65 15 80
50 20 25 60 70 10 5 65 80 15
50 20 25 60 70 10 65 5 15 80
50 20 25 60 70 10 65 5 80 15
50 20 25 60 70 10 65 80 5 15
50 20 25 60 70 65 10 5 15 80
50 20 25 60 70 65 10 5 80 15
50 20 25 60 70 65 10 80 5 15
50 20 25 60 70 65 80 10 5 15
50 20 60 25 10 5 15 70 65 80
50 20 60 25 10 5 70 15 65 80
50 20 60 25 10 5 70 65 15 80
50 20 60 25 10 5 70 65 80 15
50 20 60 25 10 70 5 15 65 80
50 20 60 25 10 70 5 65 15 80
50 20 60 25 10 70 5 65 80 15
50 20 60 25 10 70 65 5 15 80
50 20 60 25 10 70 65 5 80 15
50 20 60 25 10 70 65 80 5 15
50 20 60 25 70 10 5 15 65 80
50 20 60 25 70 10 5 65 15 80
50 20 60 25 70 10 5 65 80 15
50 20 60 25 70 10 65 5 15 80
50 20 60 25 70 10 65 5 80 15
50 20 60 25 70 10 65 80 5 15
50 20 60 25 70 65 10 5 15 80
50 20 60 25 70 65 10 5 80 15
50 20 60 25 70 65 10 80 5 15
50 20 60 25 70 65 80 10 5 15
50 20 60 70 25 10 5 15 65 80
50 20 60 70 25 10 5 65 15 80
50 20 60 70 25 10 5 65 80 15
50 20 60 70 25 10 65 5 15 80
50 20 60 70 25 10 65 5 80 15
50 20 60 70 25 10 65 80 5 15
50 20 60 70 25 65 10 5 15 80
50 20 60 70 25 65 10 5 80 15
50 20 60 70 25 65 10 80 5 15
50 20 60 70 25 65 80 10 5 15
50 20 60 70 65 25 10 5 15 80
50 20 60 70 65 25 10 5 80 15
50 20 60 70 65 25 10 80 5 15
50 20 60 70 65 25 80 10 5 15
50 20 60 70 65 80 25 10 5 15
50 60 20 25 10 5 15 70 65 80
50 60 20 25 10 5 70 15 65 80
50 60 20 25 10 5 70 65 15 80
50 60 20 25 10 5 70 65 80 15
50 60 20 25 10 70 5 15 65 80
50 60 20 25 10 70 5 65 15 80
50 60 20 25 10 70 5 65 80 15
50 60 20 25 10 70 65 5 15 80
50 60 20 25 10 70 65 5 80 15
50 60 20 25 10 70 65 80 5 15
50 60 20 25 70 10 5 15 65 80
50 60 20 25 70 10 5 65 15 80
50 60 20 25 70 10 5 65 80 15
50 60 20 25 70 10 65 5 15 80
50 60 20 25 70 10 65 5 80 15
50 60 20 25 70 10 65 80 5 15
50 60 20 25 70 65 10 5 15 80
50 60 20 25 70 65 10 5 80 15
50 60 20 25 70 65 10 80 5 15
50 60 20 25 70 65 80 10 5 15
50 60 20 70 25 10 5 15 65 80
50 60 20 70 25 10 5 65 15 80
50 60 20 70 25 10 5 65 80 15
50 60 20 70 25 10 65 5 15 80
50 60 20 70 25 10 65 5 80 15
50 60 20 70 25 10 65 80 5 15
50 60 20 70 25 65 10 5 15 80
50 60 20 70 25 65 10 5 80 15
50 60 20 70 25 65 10 80 5 15
50 60 20 70 25 65 80 10 5 15
50 60 20 70 65 25 10 5 15 80
50 60 20 70 65 25 10 5 80 15
50 60 20 70 65 25 10 80 5 15
50 60 20 70 65 25 80 10 5 15
50 60 20 70 65 80 25 10 5 15
50 60 70 20 25 10 5 15 65 80
50 60 70 20 25 10 5 65 15 80
50 60 70 20 25 10 5 65 80 15
50 60 70 20 25 10 65 5 15 80
50 60 70 20 25 10 65 5 80 15
50 60 70 20 25 10 65 80 5 15
50 60 70 20 25 65 10 5 15 80
50 60 70 20 25 65 10 5 80 15
50 60 70 20 25 65 10 80 5 15
50 60 70 20 25 65 80 10 5 15
50 60 70 20 65 25 10 5 15 80
50 60 70 20 65 25 10 5 80 15
50 60 70 20 65 25 10 80 5 15
50 60 70 20 65 25 80 10 5 15
50 60 70 20 65 80 25 10 5 15
50 60 70 65 20 25 10 5 15 80
50 60 70 65 20 25 10 5 80 15
50 60 70 65 20 25 10 80 5 15
50 60 70 65 20 25 80 10 5 15
50 60 70 65 20 80 25 10 5 15
50 60 70 65 80 20 25 10 5 15
50 20 25 10 5 15 60 70 80 65
50 20 25 10 5 60 15 70 80 65
50 20 25 10 5 60 70 15 80 65
50 20 25 10 5 60 70 80 15 65
50 20 25 10 5 60 70 80 65 15
50 20 25 10 60 5 15 70 80 65
50 20 25 10 60 5 70 15 80 65
50 20 25 10 60 5 70 80 15 65
50 20 25 10 60 5 70 80 65 15
50 20 25 10 60 70 5 15 80 65
50 20 25 10 60 70 5 80 15 65
50 20 25 10 60 70 5 80 65 15
50 20 25 10 60 70 80 5 15 65
50 20 25 10 60 70 80 5 65 15
50 20 25 10 60 70 80 65 5 15
50 20 25 60 10 5 15 70 80 65
50 20 25 60 10 5 70 15 80 65
50 20 25 60 10 5 70 80 15 65
50 20 25 60 10 5 70 80 65 15
50 20 25 60 10 70 5 15 80 65
50 20 25 60 10 70 5 80 15 65
50 20 25 60 10 70 5 80 65 15
50 20 25 60 10 70 80 5 15 65
50 20 25 60 10 70 80 5 65 15
50 20 25 60 10 70 80 65 5 15
50 20 25 60 70 10 5 15 80 65
50 20 25 60 70 10 5 80 15 65
50 20 25 60 70 10 5 80 65 15
50 20 25 60 70 10 80 5 15 65
50 20 25 60 70 10 80 5 65 15
50 20 25 60 70 10 80 65 5 15
50 20 25 60 70 80 10 5 15 65
50 20 25 60 70 80 10 5 65 15
50 20 25 60 70 80 10 65 5 15
50 20 25 60 70 80 65 10 5 15
50 20 60 25 10 5 15 70 80 65
50 20 60 25 10 5 70 15 80 65
50 20 60 25 10 5 70 80 15 65
50 20 60 25 10 5 70 80 65 15
50 20 60 25 10 70 5 15 80 65
50 20 60 25 10 70 5 80 15 65
50 20 60 25 10 70 5 80 65 15
50 20 60 25 10 70 80 5 15 65
50 20 60 25 10 70 80 5 65 15
50 20 60 25 10 70 80 65 5 15
50 20 60 25 70 10 5 15 80 65
50 20 60 25 70 10 5 80 15 65
50 20 60 25 70 10 5 80 65 15
50 20 60 25 70 10 80 5 15 65
50 20 60 25 70 10 80 5 65 15
50 20 60 25 70 10 80 65 5 15
50 20 60 25 70 80 10 5 15 65
50 20 60 25 70 80 10 5 65 15
50 20 60 25 70 80 10 65 5 15
50 20 60 25 70 80 65 10 5 15
50 20 60 70 25 10 5 15 80 65
50 20 60 70 25 10 5 80 15 65
50 20 60 70 25 10 5 80 65 15
50 20 60 70 25 10 80 5 15 65
50 20 60 70 25 10 80 5 65 15
50 20 60 70 25 10 80 65 5 15
50 20 60 70 25 80 10 5 15 65
50 20 60 70 25 80 10 5 65 15
50 20 60 70 25 80 10 65 5 15
50 20 60 70 25 80 65 10 5 15
50 20 60 70 80 25 10 5 15 65
50 20 60 70 80 25 10 5 65 15
50 20 60 70 80 25 10 65 5 15
50 20 60 70 80 25 65 10 5 15
50 20 60 70 80 65 25 10 5 15
50 60 20 25 10 5 15 70 80 65
50 60 20 25 10 5 70 15 80 65
50 60 20 25 10 5 70 80 15 65
50 60 20 25 10 5 70 80 65 15
50 60 20 25 10 70 5 15 80 65
50 60 20 25 10 70 5 80 15 65
50 60 20 25 10 70 5 80 65 15
50 60 20 25 10 70 80 5 15 65
50 60 20 25 10 70 80 5 65 15
50 60 20 25 10 70 80 65 5 15
50 60 20 25 70 10 5 15 80 65
50 60 20 25 70 10 5 80 15 65
50 60 20 25 70 10 5 80 65 15
50 60 20 25 70 10 80 5 15 65
50 60 20 25 70 10 80 5 65 15
50 60 20 25 70 10 80 65 5 15
50 60 20 25 70 80 10 5 15 65
50 60 20 25 70 80 10 5 65 15
50 60 20 25 70 80 10 65 5 15
50 60 20 25 70 80 65 10 5 15
50 60 20 70 25 10 5 15 80 65
50 60 20 70 25 10 5 80 15 65
50 60 20 70 25 10 5 80 65 15
50 60 20 70 25 10 80 5 15 65
50 60 20 70 25 10 80 5 65 15
50 60 20 70 25 10 80 65 5 15
50 60 20 70 25 80 10 5 15 65
50 60 20 70 25 80 10 5 65 15
50 60 20 70 25 80 10 65 5 15
50 60 20 70 25 80 65 10 5 15
50 60 20 70 80 25 10 5 15 65
50 60 20 70 80 25 10 5 65 15
50 60 20 70 80 25 10 65 5 15
50 60 20 70 80 25 65 10 5 15
50 60 20 70 80 65 25 10 5 15
50 60 70 20 25 10 5 15 80 65
50 60 70 20 25 10 5 80 15 65
50 60 70 20 25 10 5 80 65 15
50 60 70 20 25 10 80 5 15 65
50 60 70 20 25 10 80 5 65 15
50 60 70 20 25 10 80 65 5 15
50 60 70 20 25 80 10 5 15 65
50 60 70 20 25 80 10 5 65 15
50 60 70 20 25 80 10 65 5 15
50 60 70 20 25 80 65 10 5 15
50 60 70 20 80 25 10 5 15 65
50 60 70 20 80 25 10 5 65 15
50 60 70 20 80 25 10 65 5 15
50 60 70 20 80 25 65 10 5 15
50 60 70 20 80 65 25 10 5 15
50 60 70 80 20 25 10 5 15 65
50 60 70 80 20 25 10 5 65 15
50 60 70 80 20 25 10 65 5 15
50 60 70 80 20 25 65 10 5 15
50 60 70 80 20 65 25 10 5 15
50 60 70 80 65 20 25 10 5 15
50 20 10 15 5 25 60 70 65 80
50 20 10 15 5 60 25 70 65 80
50 20 10 15 5 60 70 25 65 80
50 20 10 15 5 60 70 65 25 80
50 20 10 15 5 60 70 65 80 25
50 20 10 15 60 5 25 70 65 80
50 20 10 15 60 5 70 25 65 80
50 20 10 15 60 5 70 65 25 80
50 20 10 15 60 5 70 65 80 25
50 20 10 15 60 70 5 25 65 80
50 20 10 15 60 70 5 65 25 80
50 20 10 15 60 70 5 65 80 25
50 20 10 15 60 70 65 5 25 80
50 20 10 15 60 70 65 5 80 25
50 20 10 15 60 70 65 80 5 25
50 20 10 60 15 5 25 70 65 80
50 20 10 60 15 5 70 25 65 80
50 20 10 60 15 5 70 65 25 80
50 20 10 60 15 5 70 65 80 25
50 20 10 60 15 70 5 25 65 80
50 20 10 60 15 70 5 65 25 80
50 20 10 60 15 70 5 65 80 25
50 20 10 60 15 70 65 5 25 80
50 20 10 60 15 70 65 5 80 25
50 20 10 60 15 70 65 80 5 25
50 20 10 60 70 15 5 25 65 80
50 20 10 60 70 15 5 65 25 80
50 20 10 60 70 15 5 65 80 25
50 20 10 60 70 15 65 5 25 80
50 20 10 60 70 15 65 5 80 25
50 20 10 60 70 15 65 80 5 25
50 20 10 60 70 65 15 5 25 80
50 20 10 60 70 65 15 5 80 25
50 20 10 60 70 65 15 80 5 25
50 20 10 60 70 65 80 15 5 25
50 20 60 10 15 5 25 70 65 80
50 20 60 10 15 5 70 25 65 80
50 20 60 10 15 5 70 65 25 80
50 20 60 10 15 5 70 65 80 25
50 20 60 10 15 70 5 25 65 80
50 20 60 10 15 70 5 65 25 80
50 20 60 10 15 70 5 65 80 25
50 20 60 10 15 70 65 5 25 80
50 20 60 10 15 70 65 5 80 25
50 20 60 10 15 70 65 80 5 25
50 20 60 10 70 15 5 25 65 80
50 20 60 10 70 15 5 65 25 80
50 20 60 10 70 15 5 65 80 25
50 20 60 10 70 15 65 5 25 80
50 20 60 10 70 15 65 5 80 25
50 20 60 10 70 15 65 80 5 25
50 20 60 10 70 65 15 5 25 80
50 20 60 10 70 65 15 5 80 25
50 20 60 10 70 65 15 80 5 25
50 20 60 10 70 65 80 15 5 25
50 20 60 70 10 15 5 25 65 80
50 20 60 70 10 15 5 65 25 80
50 20 60 70 10 15 5 65 80 25
50 20 60 70 10 15 65 5 25 80
50 20 60 70 10 15 65 5 80 25
50 20 60 70 10 15 65 80 5 25
50 20 60 70 10 65 15 5 25 80
50 20 60 70 10 65 15 5 80 25
50 20 60 70 10 65 15 80 5 25
50 20 60 70 10 65 80 15 5 25
50 20 60 70 65 10 15 5 25 80
50 20 60 70 65 10 15 5 80 25
50 20 60 70 65 10 15 80 5 25
50 20 60 70 65 10 80 15 5 25
50 20 60 70 65 80 10 15 5 25
50 60 20 10 15 5 25 70 65 80
50 60 20 10 15 5 70 25 65 80
50 60 20 10 15 5 70 65 25 80
50 60 20 10 15 5 70 65 80 25
50 60 20 10 15 70 5 25 65 80
50 60 20 10 15 70 5 65 25 80
50 60 20 10 15 70 5 65 80 25
50 60 20 10 15 70 65 5 25 80
50 60 20 10 15 70 65 5 80 25
50 60 20 10 15 70 65 80 5 25
50 60 20 10 70 15 5 25 65 80
50 60 20 10 70 15 5 65 25 80
50 60 20 10 70 15 5 65 80 25
50 60 20 10 70 15 65 5 25 80
50 60 20 10 70 15 65 5 80 25
50 60 20 10 70 15 65 80 5 25
50 60 20 10 70 65 15 5 25 80
50 60 20 10 70 65 15 5 80 25
50 60 20 10 70 65 15 80 5 25
50 60 20 10 70 65 80 15 5 25
50 60 20 70 10 15 5 25 65 80
50 60 20 70 10 15 5 65 25 80
50 60 20 70 10 15 5 65 80 25
50 60 20 70 10 15 65 5 25 80
50 60 20 70 10 15 65 5 80 25
50 60 20 70 10 15 65 80 5 25
50 60 20 70 10 65 15 5 25 80
50 60 20 70 10 65 15 5 80 25
50 60 20 70 10 65 15 80 5 25
50 60 20 70 10 65 80 15 5 25
50 60 20 70 65 10 15 5 25 80
50 60 20 70 65 10 15 5 80 25
50 60 20 70 65 10 15 80 5 25
50 60 20 70 65 10 80 15 5 25
50 60 20 70 65 80 10 15 5 25
50 60 70 20 10 15 5 25 65 80
50 60 70 20 10 15 5 65 25 80
50 60 70 20 10 15 5 65 80 25
50 60 70 20 10 15 65 5 25 80
50 60 70 20 10 15 65 5 80 25
50 60 70 20 10 15 65 80 5 25
50 60 70 20 10 65 15 5 25 80
50 60 70 20 10 65 15 5 80 25
50 60 70 20 10 65 15 80 5 25
50 60 70 20 10 65 80 15 5 25
50 60 70 20 65 10 15 5 25 80
50 60 70 20 65 10 15 5 80 25
50 60 70 20 65 10 15 80 5 25
50 60 70 20 65 10 80 15 5 25
50 60 70 20 65 80 10 15 5 25
50 60 70 65 20 10 15 5 25 80
50 60 70 65 20 10 15 5 80 25
50 60 70 65 20 10 15 80 5 25
50 60 70 65 20 10 80 15 5 25
50 60 70 65 20 80 10 15 5 25
50 60 70 65 80 20 10 15 5 25
50 20 10 15 5 25 60 70 80 65
50 20 10 15 5 60 25 70 80 65
50 20 10 15 5 60 70 25 80 65
50 20 10 15 5 60 70 80 25 65
50 20 10 15 5 60 70 80 65 25
50 20 10 15 60 5 25 70 80 65
50 20 10 15 60 5 70 25 80 65
50 20 10 15 60 5 70 80 25 65
50 20 10 15 60 5 70 80 65 25
50 20 10 15 60 70 5 25 80 65
50 20 10 15 60 70 5 80 25 65
50 20 10 15 60 70 5 80 65 25
50 20 10 15 60 70 80 5 25 65
50 20 10 15 60 70 80 5 65 25
50 20 10 15 60 70 80 65 5 25
50 20 10 60 15 5 25 70 80 65
50 20 10 60 15 5 70 25 80 65
50 20 10 60 15 5 70 80 25 65
50 20 10 60 15 5 70 80 65 25
50 20 10 60 15 70 5 25 80 65
50 20 10 60 15 70 5 80 25 65
50 20 10 60 15 70 5 80 65 25
50 20 10 60 15 70 80 5 25 65
50 20 10 60 15 70 80 5 65 25
50 20 10 60 15 70 80 65 5 25
50 20 10 60 70 15 5 25 80 65
50 20 10 60 70 15 5 80 25 65
50 20 10 60 70 15 5 80 65 25
50 20 10 60 70 15 80 5 25 65
50 20 10 60 70 15 80 5 65 25
50 20 10 60 70 15 80 65 5 25
50 20 10 60 70 80 15 5 25 65
50 20 10 60 70 80 15 5 65 25
50 20 10 60 70 80 15 65 5 25
50 20 10 60 70 80 65 15 5 25
50 20 60 10 15 5 25 70 80 65
50 20 60 10 15 5 70 25 80 65
50 20 60 10 15 5 70 80 25 65
50 20 60 10 15 5 70 80 65 25
50 20 60 10 15 70 5 25 80 65
50 20 60 10 15 70 5 80 25 65
50 20 60 10 15 70 5 80 65 25
50 20 60 10 15 70 80 5 25 65
50 20 60 10 15 70 80 5 65 25
50 20 60 10 15 70 80 65 5 25
50 20 60 10 70 15 5 25 80 65
50 20 60 10 70 15 5 80 25 65
50 20 60 10 70 15 5 80 65 25
50 20 60 10 70 15 80 5 25 65
50 20 60 10 70 15 80 5 65 25
50 20 60 10 70 15 80 65 5 25
50 20 60 10 70 80 15 5 25 65
50 20 60 10 70 80 15 5 65 25
50 20 60 10 70 80 15 65 5 25
50 20 60 10 70 80 65 15 5 25
50 20 60 70 10 15 5 25 80 65
50 20 60 70 10 15 5 80 25 65
50 20 60 70 10 15 5 80 65 25
50 20 60 70 10 15 80 5 25 65
50 20 60 70 10 15 80 5 65 25
50 20 60 70 10 15 80 65 5 25
50 20 60 70 10 80 15 5 25 65
50 20 60 70 10 80 15 5 65 25
50 20 60 70 10 80 15 65 5 25
50 20 60 70 10 80 65 15 5 25
50 20 60 70 80 10 15 5 25 65
50 20 60 70 80 10 15 5 65 25
50 20 60 70 80 10 15 65 5 25
50 20 60 70 80 10 65 15 5 25
50 20 60 70 80 65 10 15 5 25
50 60 20 10 15 5 25 70 80 65
50 60 20 10 15 5 70 25 80 65
50 60 20 10 15 5 70 80 25 65
50 60 20 10 15 5 70 80 65 25
50 60 20 10 15 70 5 25 80 65
50 60 20 10 15 70 5 80 25 65
50 60 20 10 15 70 5 80 65 25
50 60 20 10 15 70 80 5 25 65
50 60 20 10 15 70 80 5 65 25
50 60 20 10 15 70 80 65 5 25
50 60 20 10 70 15 5 25 80 65
50 60 20 10 70 15 5 80 25 65
50 60 20 10 70 15 5 80 65 25
50 60 20 10 70 15 80 5 25 65
50 60 20 10 70 15 80 5 65 25
50 60 20 10 70 15 80 65 5 25
50 60 20 10 70 80 15 5 25 65
50 60 20 10 70 80 15 5 65 25
50 60 20 10 70 80 15 65 5 25
50 60 20 10 70 80 65 15 5 25
50 60 20 70 10 15 5 25 80 65
50 60 20 70 10 15 5 80 25 65
50 60 20 70 10 15 5 80 65 25
50 60 20 70 10 15 80 5 25 65
50 60 20 70 10 15 80 5 65 25
50 60 20 70 10 15 80 65 5 25
50 60 20 70 10 80 15 5 25 65
50 60 20 70 10 80 15 5 65 25
50 60 20 70 10 80 15 65 5 25
50 60 20 70 10 80 65 15 5 25
50 60 20 70 80 10 15 5 25 65
50 60 20 70 80 10 15 5 65 25
50 60 20 70 80 10 15 65 5 25
50 60 20 70 80 10 65 15 5 25
50 60 20 70 80 65 10 15 5 25
50 60 70 20 10 15 5 25 80 65
50 60 70 20 10 15 5 80 25 65
50 60 70 20 10 15 5 80 65 25
50 60 70 20 10 15 80 5 25 65
50 60 70 20 10 15 80 5 65 25
50 60 70 20 10 15 80 65 5 25
50 60 70 20 10 80 15 5 25 65
50 60 70 20 10 80 15 5 65 25
50 60 70 20 10 80 15 65 5 25
50 60 70 20 10 80 65 15 5 25
50 60 70 20 80 10 15 5 25 65
50 60 70 20 80 10 15 5 65 25
50 60 70 20 80 10 15 65 5 25
50 60 70 20 80 10 65 15 5 25
50 60 70 20 80 65 10 15 5 25
50 60 70 80 20 10 15 5 25 65
50 60 70 80 20 10 15 5 65 25
50 60 70 80 20 10 15 65 5 25
50 60 70 80 20 10 65 15 5 25
50 60 70 80 20 65 10 15 5 25
50 60 70 80 65 20 10 15 5 25
50 20 10 15 25 5 60 70 65 80
50 20 10 15 25 60 5 70 65 80
50 20 10 15 25 60 70 5 65 80
50 20 10 15 25 60 70 65 5 80
50 20 10 15 25 60 70 65 80 5
50 20 10 15 60 25 5 70 65 80
50 20 10 15 60 25 70 5 65 80
50 20 10 15 60 25 70 65 5 80
50 20 10 15 60 25 70 65 80 5
50 20 10 15 60 70 25 5 65 80
50 20 10 15 60 70 25 65 5 80
50 20 10 15 60 70 25 65 80 5
50 20 10 15 60 70 65 25 5 80
50 20 10 15 60 70 65 25 80 5
50 20 10 15 60 70 65 80 25 5
50 20 10 60 15 25 5 70 65 80
50 20 10 60 15 25 70 5 65 80
50 20 10 60 15 25 70 65 5 80
50 20 10 60 15 25 70 65 80 5
50 20 10 60 15 70 25 5 65 80
50 20 10 60 15 70 25 65 5 80
50 20 10 60 15 70 25 65 80 5
50 20 10 60 15 70 65 25 5 80
50 20 10 60 15 70 65 25 80 5
50 20 10 60 15 70 65 80 25 5
50 20 10 60 70 15 25 5 65 80
50 20 10 60 70 15 25 65 5 80
50 20 10 60 70 15 25 65 80 5
50 20 10 60 70 15 65 25 5 80
50 20 10 60 70 15 65 25 80 5
50 20 10 60 70 15 65 80 25 5
50 20 10 60 70 65 15 25 5 80
50 20 10 60 70 65 15 25 80 5
50 20 10 60 70 65 15 80 25 5
50 20 10 60 70 65 80 15 25 5
50 20 60 10 15 25 5 70 65 80
50 20 60 10 15 25 70 5 65 80
50 20 60 10 15 25 70 65 5 80
50 20 60 10 15 25 70 65 80 5
50 20 60 10 15 70 25 5 65 80
50 20 60 10 15 70 25 65 5 80
50 20 60 10 15 70 25 65 80 5
50 20 60 10 15 70 65 25 5 80
50 20 60 10 15 70 65 25 80 5
50 20 60 10 15 70 65 80 25 5
50 20 60 10 70 15 25 5 65 80
50 20 60 10 70 15 25 65 5 80
50 20 60 10 70 15 25 65 80 5
50 20 60 10 70 15 65 25 5 80
50 20 60 10 70 15 65 25 80 5
50 20 60 10 70 15 65 80 25 5
50 20 60 10 70 65 15 25 5 80
50 20 60 10 70 65 15 25 80 5
50 20 60 10 70 65 15 80 25 5
50 20 60 10 70 65 80 15 25 5
50 20 60 70 10 15 25 5 65 80
50 20 60 70 10 15 25 65 5 80
50 20 60 70 10 15 25 65 80 5
50 20 60 70 10 15 65 25 5 80
50 20 60 70 10 15 65 25 80 5
50 20 60 70 10 15 65 80 25 5
50 20 60 70 10 65 15 25 5 80
50 20 60 70 10 65 15 25 80 5
50 20 60 70 10 65 15 80 25 5
50 20 60 70 10 65 80 15 25 5
50 20 60 70 65 10 15 25 5 80
50 20 60 70 65 10 15 25 80 5
50 20 60 70 65 10 15 80 25 5
50 20 60 70 65 10 80 15 25 5
50 20 60 70 65 80 10 15 25 5
50 60 20 10 15 25 5 70 65 80
50 60 20 10 15 25 70 5 65 80
50 60 20 10 15 25 70 65 5 80
50 60 20 10 15 25 70 65 80 5
50 60 20 10 15 70 25 5 65 80
50 60 20 10 15 70 25 65 5 80
50 60 20 10 15 70 25 65 80 5
50 60 20 10 15 70 65 25 5 80
50 60 20 10 15 70 65 25 80 5
50 60 20 10 15 70 65 80 25 5
50 60 20 10 70 15 25 5 65 80
50 60 20 10 70 15 25 65 5 80
50 60 20 10 70 15 25 65 80 5
50 60 20 10 70 15 65 25 5 80
50 60 20 10 70 15 65 25 80 5
50 60 20 10 70 15 65 80 25 5
50 60 20 10 70 65 15 25 5 80
50 60 20 10 70 65 15 25 80 5
50 60 20 10 70 65 15 80 25 5
50 60 20 10 70 65 80 15 25 5
50 60 20 70 10 15 25 5 65 80
50 60 20 70 10 15 25 65 5 80
50 60 20 70 10 15 25 65 80 5
50 60 20 70 10 15 65 25 5 80
50 60 20 70 10 15 65 25 80 5
50 60 20 70 10 15 65 80 25 5
50 60 20 70 10 65 15 25 5 80
50 60 20 70 10 65 15 25 80 5
50 60 20 70 10 65 15 80 25 5
50 60 20 70 10 65 80 15 25 5
50 60 20 70 65 10 15 25 5 80
50 60 20 70 65 10 15 25 80 5
50 60 20 70 65 10 15 80 25 5
50 60 20 70 65 10 80 15 25 5
50 60 20 70 65 80 10 15 25 5
50 60 70 20 10 15 25 5 65 80
50 60 70 20 10 15 25 65 5 80
50 60 70 20 10 15 25 65 80 5
50 60 70 20 10 15 65 25 5 80
50 60 70 20 10 15 65 25 80 5
50 60 70 20 10 15 65 80 25 5
50 60 70 20 10 65 15 25 5 80
50 60 70 20 10 65 15 25 80 5
50 60 70 20 10 65 15 80 25 5
50 60 70 20 10 65 80 15 25 5
50 60 70 20 65 10 15 25 5 80
50 60 70 20 65 10 15 25 80 5
50 60 70 20 65 10 15 80 25 5
50 60 70 20 65 10 80 15 25 5
50 60 70 20 65 80 10 15 25 5
50 60 70 65 20 10 15 25 5 80
50 60 70 65 20 10 15 25 80 5
50 60 70 65 20 10 15 80 25 5
50 60 70 65 20 10 80 15 25 5
50 60 70 65 20 80 10 15 25 5
50 60 70 65 80 20 10 15 25 5
50 20 10 15 25 5 60 70 80 65
50 20 10 15 25 60 5 70 80 65
50 20 10 15 25 60 70 5 80 65
50 20 10 15 25 60 70 80 5 65
50 20 10 15 25 60 70 80 65 5
50 20 10 15 60 25 5 70 80 65
50 20 10 15 60 25 70 5 80 65
50 20 10 15 60 25 70 80 5 65
50 20 10 15 60 25 70 80 65 5
50 20 10 15 60 70 25 5 80 65
50 20 10 15 60 70 25 80 5 65
50 20 10 15 60 70 25 80 65 5
50 20 10 15 60 70 80 25 5 65
50 20 10 15 60 70 80 25 65 5
50 20 10 15 60 70 80 65 25 5
50 20 10 60 15 25 5 70 80 65
50 20 10 60 15 25 70 5 80 65
50 20 10 60 15 25 70 80 5 65
50 20 10 60 15 25 70 80 65 5
50 20 10 60 15 70 25 5 80 65
50 20 10 60 15 70 25 80 5 65
50 20 10 60 15 70 25 80 65 5
50 20 10 60 15 70 80 25 5 65
50 20 10 60 15 70 80 25 65 5
50 20 10 60 15 70 80 65 25 5
50 20 10 60 70 15 25 5 80 65
50 20 10 60 70 15 25 80 5 65
50 20 10 60 70 15 25 80 65 5
50 20 10 60 70 15 80 25 5 65
50 20 10 60 70 15 80 25 65 5
50 20 10 60 70 15 80 65 25 5
50 20 10 60 70 80 15 25 5 65
50 20 10 60 70 80 15 25 65 5
50 20 10 60 70 80 15 65 25 5
50 20 10 60 70 80 65 15 25 5
50 20 60 10 15 25 5 70 80 65
50 20 60 10 15 25 70 5 80 65
50 20 60 10 15 25 70 80 5 65
50 20 60 10 15 25 70 80 65 5
50 20 60 10 15 70 25 5 80 65
50 20 60 10 15 70 25 80 5 65
50 20 60 10 15 70 25 80 65 5
50 20 60 10 15 70 80 25 5 65
50 20 60 10 15 70 80 25 65 5
50 20 60 10 15 70 80 65 25 5
50 20 60 10 70 15 25 5 80 65
50 20 60 10 70 15 25 80 5 65
50 20 60 10 70 15 25 80 65 5
50 20 60 10 70 15 80 25 5 65
50 20 60 10 70 15 80 25 65 5
50 20 60 10 70 15 80 65 25 5
50 20 60 10 70 80 15 25 5 65
50 20 60 10 70 80 15 25 65 5
50 20 60 10 70 80 15 65 25 5
50 20 60 10 70 80 65 15 25 5
50 20 60 70 10 15 25 5 80 65
50 20 60 70 10 15 25 80 5 65
50 20 60 70 10 15 25 80 65 5
50 20 60 70 10 15 80 25 5 65
50 20 60 70 10 15 80 25 65 5
50 20 60 70 10 15 80 65 25 5
50 20 60 70 10 80 15 25 5 65
50 20 60 70 10 80 15 25 65 5
50 20 60 70 10 80 15 65 25 5
50 20 60 70 10 80 65 15 25 5
50 20 60 70 80 10 15 25 5 65
50 20 60 70 80 10 15 25 65 5
50 20 60 70 80 10 15 65 25 5
50 20 60 70 80 10 65 15 25 5
50 20 60 70 80 65 10 15 25 5
50 60 20 10 15 25 5 70 80 65
50 60 20 10 15 25 70 5 80 65
50 60 20 10 15 25 70 80 5 65
50 60 20 10 15 25 70 80 65 5
50 60 20 10 15 70 25 5 80 65
50 60 20 10 15 70 25 80 5 65
50 60 20 10 15 70 25 80 65 5
50 60 20 10 15 70 80 25 5 65
50 60 20 10 15 70 80 25 65 5
50 60 20 10 15 70 80 65 25 5
50 60 20 10 70 15 25 5 80 65
50 60 20 10 70 15 25 80 5 65
50 60 20 10 70 15 25 80 65 5
50 60 20 10 70 15 80 25 5 65
50 60 20 10 70 15 80 25 65 5
50 60 20 10 70 15 80 65 25 5
50 60 20 10 70 80 15 25 5 65
50 60 20 10 70 80 15 25 65 5
50 60 20 10 70 80 15 65 25 5
50 60 20 10 70 80 65 15 25 5
50 60 20 70 10 15 25 5 80 65
50 60 20 70 10 15 25 80 5 65
50 60 20 70 10 15 25 80 65 5
50 60 20 70 10 15 80 25 5 65
50 60 20 70 10 15 80 25 65 5
50 60 20 70 10 15 80 65 25 5
50 60 20 70 10 80 15 25 5 65
50 60 20 70 10 80 15 25 65 5
50 60 20 70 10 80 15 65 25 5
50 60 20 70 10 80 65 15 25 5
50 60 20 70 80 10 15 25 5 65
50 60 20 70 80 10 15 25 65 5
50 60 20 70 80 10 15 65 25 5
50 60 20 70 80 10 65 15 25 5
50 60 20 70 80 65 10 15 25 5
50 60 70 20 10 15 25 5 80 65
50 60 70 20 10 15 25 80 5 65
50 60 70 20 10 15 25 80 65 5
50 60 70 20 10 15 80 25 5 65
50 60 70 20 10 15 80 25 65 5
50 60 70 20 10 15 80 65 25 5
50 60 70 20 10 80 15 25 5 65
50 60 70 20 10 80 15 25 65 5
50 60 70 20 10 80 15 65 25 5
50 60 70 20 10 80 65 15 25 5
50 60 70 20 80 10 15 25 5 65
50 60 70 20 80 10 15 25 65 5
50 60 70 20 80 10 15 65 25 5
50 60 70 20 80 10 65 15 25 5
50 60 70 20 80 65 10 15 25 5
50 60 70 80 20 10 15 25 5 65
50 60 70 80 20 10 15 25 65 5
50 60 70 80 20 10 15 65 25 5
50 60 70 80 20 10 65 15 25 5
50 60 70 80 20 65 10 15 25 5
50 60 70 80 65 20 10 15 25 5
50 20 10 25 15 5 60 70 65 80
50 20 10 25 15 60 5 70 65 80
50 20 10 25 15 60 70 5 65 80
50 20 10 25 15 60 70 65 5 80
50 20 10 25 15 60 70 65 80 5
50 20 10 25 60 15 5 70 65 80
50 20 10 25 60 15 70 5 65 80
50 20 10 25 60 15 70 65 5 80
50 20 10 25 60 15 70 65 80 5
50 20 10 25 60 70 15 5 65 80
50 20 10 25 60 70 15 65 5 80
50 20 10 25 60 70 15 65 80 5
50 20 10 25 60 70 65 15 5 80
50 20 10 25 60 70 65 15 80 5
50 20 10 25 60 70 65 80 15 5
50 20 10 60 25 15 5 70 65 80
50 20 10 60 25 15 70 5 65 80
50 20 10 60 25 15 70 65 5 80
50 20 10 60 25 15 70 65 80 5
50 20 10 60 25 70 15 5 65 80
50 20 10 60 25 70 15 65 5 80
50 20 10 60 25 70 15 65 80 5
50 20 10 60 25 70 65 15 5 80
50 20 10 60 25 70 65 15 80 5
50 20 10 60 25 70 65 80 15 5
50 20 10 60 70 25 15 5 65 80
50 20 10 60 70 25 15 65 5 80
50 20 10 60 70 25 15 65 80 5
50 20 10 60 70 25 65 15 5 80
50 20 10 60 70 25 65 15 80 5
50 20 10 60 70 25 65 80 15 5
50 20 10 60 70 65 25 15 5 80
50 20 10 60 70 65 25 15 80 5
50 20 10 60 70 65 25 80 15 5
50 20 10 60 70 65 80 25 15 5
50 20 60 10 25 15 5 70 65 80
50 20 60 10 25 15 70 5 65 80
50 20 60 10 25 15 70 65 5 80
50 20 60 10 25 15 70 65 80 5
50 20 60 10 25 70 15 5 65 80
50 20 60 10 25 70 15 65 5 80
50 20 60 10 25 70 15 65 80 5
50 20 60 10 25 70 65 15 5 80
50 20 60 10 25 70 65 15 80 5
50 20 60 10 25 70 65 80 15 5
50 20 60 10 70 25 15 5 65 80
50 20 60 10 70 25 15 65 5 80
50 20 60 10 70 25 15 65 80 5
50 20 60 10 70 25 65 15 5 80
50 20 60 10 70 25 65 15 80 5
50 20 60 10 70 25 65 80 15 5
50 20 60 10 70 65 25 15 5 80
50 20 60 10 70 65 25 15 80 5
50 20 60 10 70 65 25 80 15 5
50 20 60 10 70 65 80 25 15 5
50 20 60 70 10 25 15 5 65 80
50 20 60 70 10 25 15 65 5 80
50 20 60 70 10 25 15 65 80 5
50 20 60 70 10 25 65 15 5 80
50 20 60 70 10 25 65 15 80 5
50 20 60 70 10 25 65 80 15 5
50 20 60 70 10 65 25 15 5 80
50 20 60 70 10 65 25 15 80 5
50 20 60 70 10 65 25 80 15 5
50 20 60 70 10 65 80 25 15 5
50 20 60 70 65 10 25 15 5 80
50 20 60 70 65 10 25 15 80 5
50 20 60 70 65 10 25 80 15 5
50 20 60 70 65 10 80 25 15 5
50 20 60 70 65 80 10 25 15 5
50 60 20 10 25 15 5 70 65 80
50 60 20 10 25 15 70 5 65 80
50 60 20 10 25 15 70 65 5 80
50 60 20 10 25 15 70 65 80 5
50 60 20 10 25 70 15 5 65 80
50 60 20 10 25 70 15 65 5 80
50 60 20 10 25 70 15 65 80 5
50 60 20 10 25 70 65 15 5 80
50 60 20 10 25 70 65 15 80 5
50 60 20 10 25 70 65 80 15 5
50 60 20 10 70 25 15 5 65 80
50 60 20 10 70 25 15 65 5 80
50 60 20 10 70 25 15 65 80 5
50 60 20 10 70 25 65 15 5 80
50 60 20 10 70 25 65 15 80 5
50 60 20 10 70 25 65 80 15 5
50 60 20 10 70 65 25 15 5 80
50 60 20 10 70 65 25 15 80 5
50 60 20 10 70 65 25 80 15 5
50 60 20 10 70 65 80 25 15 5
50 60 20 70 10 25 15 5 65 80
50 60 20 70 10 25 15 65 5 80
50 60 20 70 10 25 15 65 80 5
50 60 20 70 10 25 65 15 5 80
50 60 20 70 10 25 65 15 80 5
50 60 20 70 10 25 65 80 15 5
50 60 20 70 10 65 25 15 5 80
50 60 20 70 10 65 25 15 80 5
50 60 20 70 10 65 25 80 15 5
50 60 20 70 10 65 80 25 15 5
50 60 20 70 65 10 25 15 5 80
50 60 20 70 65 10 25 15 80 5
50 60 20 70 65 10 25 80 15 5
50 60 20 70 65 10 80 25 15 5
50 60 20 70 65 80 10 25 15 5
50 60 70 20 10 25 15 5 65 80
50 60 70 20 10 25 15 65 5 80
50 60 70 20 10 25 15 65 80 5
50 60 70 20 10 25 65 15 5 80
50 60 70 20 10 25 65 15 80 5
50 60 70 20 10 25 65 80 15 5
50 60 70 20 10 65 25 15 5 80
50 60 70 20 10 65 25 15 80 5
50 60 70 20 10 65 25 80 15 5
50 60 70 20 10 65 80 25 15 5
50 60 70 20 65 10 25 15 5 80
50 60 70 20 65 10 25 15 80 5
50 60 70 20 65 10 25 80 15 5
50 60 70 20 65 10 80 25 15 5
50 60 70 20 65 80 10 25 15 5
50 60 70 65 20 10 25 15 5 80
50 60 70 65 20 10 25 15 80 5
50 60 70 65 20 10 25 80 15 5
50 60 70 65 20 10 80 25 15 5
50 60 70 65 20 80 10 25 15 5
50 60 70 65 80 20 10 25 15 5
50 20 10 25 15 5 60 70 80 65
50 20 10 25 15 60 5 70 80 65
50 20 10 25 15 60 70 5 80 65
50 20 10 25 15 60 70 80 5 65
50 20 10 25 15 60 70 80 65 5
50 20 10 25 60 15 5 70 80 65
50 20 10 25 60 15 70 5 80 65
50 20 10 25 60 15 70 80 5 65
50 20 10 25 60 15 70 80 65 5
50 20 10 25 60 70 15 5 80 65
50 20 10 25 60 70 15 80 5 65
50 20 10 25 60 70 15 80 65 5
50 20 10 25 60 70 80 15 5 65
50 20 10 25 60 70 80 15 65 5
50 20 10 25 60 70 80 65 15 5
50 20 10 60 25 15 5 70 80 65
50 20 10 60 25 15 70 5 80 65
50 20 10 60 25 15 70 80 5 65
50 20 10 60 25 15 70 80 65 5
50 20 10 60 25 70 15 5 80 65
50 20 10 60 25 70 15 80 5 65
50 20 10 60 25 70 15 80 65 5
50 20 10 60 25 70 80 15 5 65
50 20 10 60 25 70 80 15 65 5
50 20 10 60 25 70 80 65 15 5
50 20 10 60 70 25 15 5 80 65
50 20 10 60 70 25 15 80 5 65
50 20 10 60 70 25 15 80 65 5
50 20 10 60 70 25 80 15 5 65
50 20 10 60 70 25 80 15 65 5
50 20 10 60 70 25 80 65 15 5
50 20 10 60 70 80 25 15 5 65
50 20 10 60 70 80 25 15 65 5
50 20 10 60 70 80 25 65 15 5
50 20 10 60 70 80 65 25 15 5
50 20 60 10 25 15 5 70 80 65
50 20 60 10 25 15 70 5 80 65
50 20 60 10 25 15 70 80 5 65
50 20 60 10 25 15 70 80 65 5
50 20 60 10 25 70 15 5 80 65
50 20 60 10 25 70 15 80 5 65
50 20 60 10 25 70 15 80 65 5
50 20 60 10 25 70 80 15 5 65
50 20 60 10 25 70 80 15 65 5
50 20 60 10 25 70 80 65 15 5
50 20 60 10 70 25 15 5 80 65
50 20 60 10 70 25 15 80 5 65
50 20 60 10 70 25 15 80 65 5
50 20 60 10 70 25 80 15 5 65
50 20 60 10 70 25 80 15 65 5
50 20 60 10 70 25 80 65 15 5
50 20 60 10 70 80 25 15 5 65
50 20 60 10 70 80 25 15 65 5
50 20 60 10 70 80 25 65 15 5
50 20 60 10 70 80 65 25 15 5
50 20 60 70 10 25 15 5 80 65
50 20 60 70 10 25 15 80 5 65
50 20 60 70 10 25 15 80 65 5
50 20 60 70 10 25 80 15 5 65
50 20 60 70 10 25 80 15 65 5
50 20 60 70 10 25 80 65 15 5
50 20 60 70 10 80 25 15 5 65
50 20 60 70 10 80 25 15 65 5
50 20 60 70 10 80 25 65 15 5
50 20 60 70 10 80 65 25 15 5
50 20 60 70 80 10 25 15 5 65
50 20 60 70 80 10 25 15 65 5
50 20 60 70 80 10 25 65 15 5
50 20 60 70 80 10 65 25 15 5
50 20 60 70 80 65 10 25 15 5
50 60 20 10 25 15 5 70 80 65
50 60 20 10 25 15 70 5 80 65
50 60 20 10 25 15 70 80 5 65
50 60 20 10 25 15 70 80 65 5
50 60 20 10 25 70 15 5 80 65
50 60 20 10 25 70 15 80 5 65
50 60 20 10 25 70 15 80 65 5
50 60 20 10 25 70 80 15 5 65
50 60 20 10 25 70 80 15 65 5
50 60 20 10 25 70 80 65 15 5
50 60 20 10 70 25 15 5 80 65
50 60 20 10 70 25 15 80 5 65
50 60 20 10 70 25 15 80 65 5
50 60 20 10 70 25 80 15 5 65
50 60 20 10 70 25 80 15 65 5
50 60 20 10 70 25 80 65 15 5
50 60 20 10 70 80 25 15 5 65
50 60 20 10 70 80 25 15 65 5
50 60 20 10 70 80 25 65 15 5
50 60 20 10 70 80 65 25 15 5
50 60 20 70 10 25 15 5 80 65
50 60 20 70 10 25 15 80 5 65
50 60 20 70 10 25 15 80 65 5
50 60 20 70 10 25 80 15 5 65
50 60 20 70 10 25 80 15 65 5
50 60 20 70 10 25 80 65 15 5
50 60 20 70 10 80 25 15 5 65
50 60 20 70 10 80 25 15 65 5
50 60 20 70 10 80 25 65 15 5
50 60 20 70 10 80 65 25 15 5
50 60 20 70 80 10 25 15 5 65
50 60 20 70 80 10 25 15 65 5
50 60 20 70 80 10 25 65 15 5
50 60 20 70 80 10 65 25 15 5
50 60 20 70 80 65 10 25 15 5
50 60 70 20 10 25 15 5 80 65
50 60 70 20 10 25 15 80 5 65
50 60 70 20 10 25 15 80 65 5
50 60 70 20 10 25 80 15 5 65
50 60 70 20 10 25 80 15 65 5
50 60 70 20 10 25 80 65 15 5
50 60 70 20 10 80 25 15 5 65
50 60 70 20 10 80 25 15 65 5
50 60 70 20 10 80 25 65 15 5
50 60 70 20 10 80 65 25 15 5
50 60 70 20 80 10 25 15 5 65
50 60 70 20 80 10 25 15 65 5
50 60 70 20 80 10 25 65 15 5
50 60 70 20 80 10 65 25 15 5
50 60 70 20 80 65 10 25 15 5
50 60 70 80 20 10 25 15 5 65
50 60 70 80 20 10 25 15 65 5
50 60 70 80 20 10 25 65 15 5
50 60 70 80 20 10 65 25 15 5
50 60 70 80 20 65 10 25 15 5
50 60 70 80 65 20 10 25 15 5
50 20 25 10 15 5 60 70 65 80
50 20 25 10 15 60 5 70 65 80
50 20 25 10 15 60 70 5 65 80
50 20 25 10 15 60 70 65 5 80
50 20 25 10 15 60 70 65 80 5
50 20 25 10 60 15 5 70 65 80
50 20 25 10 60 15 70 5 65 80
50 20 25 10 60 15 70 65 5 80
50 20 25 10 60 15 70 65 80 5
50 20 25 10 60 70 15 5 65 80
50 20 25 10 60 70 15 65 5 80
50 20 25 10 60 70 15 65 80 5
50 20 25 10 60 70 65 15 5 80
50 20 25 10 60 70 65 15 80 5
50 20 25 10 60 70 65 80 15 5
50 20 25 60 10 15 5 70 65 80
50 20 25 60 10 15 70 5 65 80
50 20 25 60 10 15 70 65 5 80
50 20 25 60 10 15 70 65 80 5
50 20 25 60 10 70 15 5 65 80
50 20 25 60 10 70 15 65 5 80
50 20 25 60 10 70 15 65 80 5
50 20 25 60 10 70 65 15 5 80
50 20 25 60 10 70 65 15 80 5
50 20 25 60 10 70 65 80 15 5
50 20 25 60 70 10 15 5 65 80
50 20 25 60 70 10 15 65 5 80
50 20 25 60 70 10 15 65 80 5
50 20 25 60 70 10 65 15 5 80
50 20 25 60 70 10 65 15 80 5
50 20 25 60 70 10 65 80 15 5
50 20 25 60 70 65 10 15 5 80
50 20 25 60 70 65 10 15 80 5
50 20 25 60 70 65 10 80 15 5
50 20 25 60 70 65 80 10 15 5
50 20 60 25 10 15 5 70 65 80
50 20 60 25 10 15 70 5 65 80
50 20 60 25 10 15 70 65 5 80
50 20 60 25 10 15 70 65 80 5
50 20 60 25 10 70 15 5 65 80
50 20 60 25 10 70 15 65 5 80
50 20 60 25 10 70 15 65 80 5
50 20 60 25 10 70 65 15 5 80
50 20 60 25 10 70 65 15 80 5
50 20 60 25 10 70 65 80 15 5
50 20 60 25 70 10 15 5 65 80
50 20 60 25 70 10 15 65 5 80
50 20 60 25 70 10 15 65 80 5
50 20 60 25 70 10 65 15 5 80
50 20 60 25 70 10 65 15 80 5
50 20 60 25 70 10 65 80 15 5
50 20 60 25 70 65 10 15 5 80
50 20 60 25 70 65 10 15 80 5
50 20 60 25 70 65 10 80 15 5
50 20 60 25 70 65 80 10 15 5
50 20 60 70 25 10 15 5 65 80
50 20 60 70 25 10 15 65 5 80
50 20 60 70 25 10 15 65 80 5
50 20 60 70 25 10 65 15 5 80
50 20 60 70 25 10 65 15 80 5
50 20 60 70 25 10 65 80 15 5
50 20 60 70 25 65 10 15 5 80
50 20 60 70 25 65 10 15 80 5
50 20 60 70 25 65 10 80 15 5
50 20 60 70 25 65 80 10 15 5
50 20 60 70 65 25 10 15 5 80
50 20 60 70 65 25 10 15 80 5
50 20 60 70 65 25 10 80 15 5
50 20 60 70 65 25 80 10 15 5
50 20 60 70 65 80 25 10 15 5
50 60 20 25 10 15 5 70 65 80
50 60 20 25 10 15 70 5 65 80
50 60 20 25 10 15 70 65 5 80
50 60 20 25 10 15 70 65 80 5
50 60 20 25 10 70 15 5 65 80
50 60 20 25 10 70 15 65 5 80
50 60 20 25 10 70 15 65 80 5
50 60 20 25 10 70 65 15 5 80
50 60 20 25 10 70 65 15 80 5
50 60 20 25 10 70 65 80 15 5
50 60 20 25 70 10 15 5 65 80
50 60 20 25 70 10 15 65 5 80
50 60 20 25 70 10 15 65 80 5
50 60 20 25 70 10 65 15 5 80
50 60 20 25 70 10 65 15 80 5
50 60 20 25 70 10 65 80 15 5
50 60 20 25 70 65 10 15 5 80
50 60 20 25 70 65 10 15 80 5
50 60 20 25 70 65 10 80 15 5
50 60 20 25 70 65 80 10 15 5
50 60 20 70 25 10 15 5 65 80
50 60 20 70 25 10 15 65 5 80
50 60 20 70 25 10 15 65 80 5
50 60 20 70 25 10 65 15 5 80
50 60 20 70 25 10 65 15 80 5
50 60 20 70 25 10 65 80 15 5
50 60 20 70 25 65 10 15 5 80
50 60 20 70 25 65 10 15 80 5
50 60 20 70 25 65 10 80 15 5
50 60 20 70 25 65 80 10 15 5
50 60 20 70 65 25 10 15 5 80
50 60 20 70 65 25 10 15 80 5
50 60 20 70 65 25 10 80 15 5
50 60 20 70 65 25 80 10 15 5
50 60 20 70 65 80 25 10 15 5
50 60 70 20 25 10 15 5 65 80
50 60 70 20 25 10 15 65 5 80
50 60 70 20 25 10 15 65 80 5
50 60 70 20 25 10 65 15 5 80
50 60 70 20 25 10 65 15 80 5
50 60 70 20 25 10 65 80 15 5
50 60 70 20 25 65 10 15 5 80
50 60 70 20 25 65 10 15 80 5
50 60 70 20 25 65 10 80 15 5
50 60 70 20 25 65 80 10 15 5
50 60 70 20 65 25 10 15 5 80
50 60 70 20 65 25 10 15 80 5
50 60 70 20 65 25 10 80 15 5
50 60 70 20 65 25 80 10 15 5
50 60 70 20 65 80 25 10 15 5
50 60 70 65 20 25 10 15 5 80
50 60 70 65 20 25 10 15 80 5
50 60 70 65 20 25 10 80 15 5
50 60 70 65 20 25 80 10 15 5
50 60 70 65 20 80 25 10 15 5
50 60 70 65 80 20 25 10 15 5
50 20 25 10 15 5 60 70 80 65
50 20 25 10 15 60 5 70 80 65
50 20 25 10 15 60 70 5 80 65
50 20 25 10 15 60 70 80 5 65
50 20 25 10 15 60 70 80 65 5
50 20 25 10 60 15 5 70 80 65
50 20 25 10 60 15 70 5 80 65
50 20 25 10 60 15 70 80 5 65
50 20 25 10 60 15 70 80 65 5
50 20 25 10 60 70 15 5 80 65
50 20 25 10 60 70 15 80 5 65
50 20 25 10 60 70 15 80 65 5
50 20 25 10 60 70 80 15 5 65
50 20 25 10 60 70 80 15 65 5
50 20 25 10 60 70 80 65 15 5
50 20 25 60 10 15 5 70 80 65
50 20 25 60 10 15 70 5 80 65
50 20 25 60 10 15 70 80 5 65
50 20 25 60 10 15 70 80 65 5
50 20 25 60 10 70 15 5 80 65
50 20 25 60 10 70 15 80 5 65
50 20 25 60 10 70 15 80 65 5
50 20 25 60 10 70 80 15 5 65
50 20 25 60 10 70 80 15 65 5
50 20 25 60 10 70 80 65 15 5
50 20 25 60 70 10 15 5 80 65
50 20 25 60 70 10 15 80 5 65
50 20 25 60 70 10 15 80 65 5
50 20 25 60 70 10 80 15 5 65
50 20 25 60 70 10 80 15 65 5
50 20 25 60 70 10 80 65 15 5
50 20 25 60 70 80 10 15 5 65
50 20 25 60 70 80 10 15 65 5
50 20 25 60 70 80 10 65 15 5
50 20 25 60 70 80 65 10 15 5
50 20 60 25 10 15 5 70 80 65
50 20 60 25 10 15 70 5 80 65
50 20 60 25 10 15 70 80 5 65
50 20 60 25 10 15 70 80 65 5
50 20 60 25 10 70 15 5 80 65
50 20 60 25 10 70 15 80 5 65
50 20 60 25 10 70 15 80 65 5
50 20 60 25 10 70 80 15 5 65
50 20 60 25 10 70 80 15 65 5
50 20 60 25 10 70 80 65 15 5
50 20 60 25 70 10 15 5 80 65
50 20 60 25 70 10 15 80 5 65
50 20 60 25 70 10 15 80 65 5
50 20 60 25 70 10 80 15 5 65
50 20 60 25 70 10 80 15 65 5
50 20 60 25 70 10 80 65 15 5
50 20 60 25 70 80 10 15 5 65
50 20 60 25 70 80 10 15 65 5
50 20 60 25 70 80 10 65 15 5
50 20 60 25 70 80 65 10 15 5
50 20 60 70 25 10 15 5 80 65
50 20 60 70 25 10 15 80 5 65
50 20 60 70 25 10 15 80 65 5
50 20 60 70 25 10 80 15 5 65
50 20 60 70 25 10 80 15 65 5
50 20 60 70 25 10 80 65 15 5
50 20 60 70 25 80 10 15 5 65
50 20 60 70 25 80 10 15 65 5
50 20 60 70 25 80 10 65 15 5
50 20 60 70 25 80 65 10 15 5
50 20 60 70 80 25 10 15 5 65
50 20 60 70 80 25 10 15 65 5
50 20 60 70 80 25 10 65 15 5
50 20 60 70 80 25 65 10 15 5
50 20 60 70 80 65 25 10 15 5
50 60 20 25 10 15 5 70 80 65
50 60 20 25 10 15 70 5 80 65
50 60 20 25 10 15 70 80 5 65
50 60 20 25 10 15 70 80 65 5
50 60 20 25 10 70 15 5 80 65
50 60 20 25 10 70 15 80 5 65
50 60 20 25 10 70 15 80 65 5
50 60 20 25 10 70 80 15 5 65
50 60 20 25 10 70 80 15 65 5
50 60 20 25 10 70 80 65 15 5
50 60 20 25 70 10 15 5 80 65
50 60 20 25 70 10 15 80 5 65
50 60 20 25 70 10 15 80 65 5
50 60 20 25 70 10 80 15 5 65
50 60 20 25 70 10 80 15 65 5
50 60 20 25 70 10 80 65 15 5
50 60 20 25 70 80 10 15 5 65
50 60 20 25 70 80 10 15 65 5
50 60 20 25 70 80 10 65 15 5
50 60 20 25 70 80 65 10 15 5
50 60 20 70 25 10 15 5 80 65
50 60 20 70 25 10 15 80 5 65
50 60 20 70 25 10 15 80 65 5
50 60 20 70 25 10 80 15 5 65
50 60 20 70 25 10 80 15 65 5
50 60 20 70 25 10 80 65 15 5
50 60 20 70 25 80 10 15 5 65
50 60 20 70 25 80 10 15 65 5
50 60 20 70 25 80 10 65 15 5
50 60 20 70 25 80 65 10 15 5
50 60 20 70 80 25 10 15 5 65
50 60 20 70 80 25 10 15 65 5
50 60 20 70 80 25 10 65 15 5
50 60 20 70 80 25 65 10 15 5
50 60 20 70 80 65 25 10 15 5
50 60 70 20 25 10 15 5 80 65
50 60 70 20 25 10 15 80 5 65
50 60 70 20 25 10 15 80 65 5
50 60 70 20 25 10 80 15 5 65
50 60 70 20 25 10 80 15 65 5
50 60 70 20 25 10 80 65 15 5
50 60 70 20 25 80 10 15 5 65
50 60 70 20 25 80 10 15 65 5
50 60 70 20 25 80 10 65 15 5
50 60 70 20 25 80 65 10 15 5
50 60 70 20 80 25 10 15 5 65
50 60 70 20 80 25 10 15 65 5
50 60 70 20 80 25 10 65 15 5
50 60 70 20 80 25 65 10 15 5
50 60 70 20 80 65 25 10 15 5
50 60 70 80 20 25 10 15 5 65
50 60 70 80 20 25 10 15 65 5
50 60 70 80 20 25 10 65 15 5
50 60 70 80 20 25 65 10 15 5
50 60 70 80 20 65 25 10 15 5
50 60 70 80 65 20 25 10 15 5
